[int_cam1_img]
name = "int_cam1_img"
size = [3840.0, 2160.0]
matrix = [[1824.6097978600892, 0.0, 1920.0], [0.0, 1824.6097978600892, 1080.0], [0.0, 0.0, 1.0]]
distortions = [0.0, 0.0, 0.0, 0.0]
rotation = [0.0, 0.0, 0.0]
translation = [0.0, 0.0, 1.0]
fisheye = false

[int_cam2_img]
name = "int_cam2_img"
size = [3840.0, 2160.0]
matrix = [[1823.1059539490811, 0.0, 1920.0], [0.0, 1823.1059539490811, 1080.0], [0.0, 0.0, 1.0]]
distortions = [0.0, 0.0, 0.0, 0.0]
rotation = [-0.042325000579967846, -2.4889373299705593, -0.20796027053478666]
translation = [0.3410846476033695, -0.06293852817154001, 0.9379232403778495]
fisheye = false

[int_cam3_img]
name = "int_cam3_img"
size = [3840.0, 2160.0]
matrix = [[1833.0041546030125, 0.0, 1920.0], [0.0, 1833.0041546030125, 1080.0], [0.0, 0.0, 1.0]]
distortions = [0.0, 0.0, 0.0, 0.0]
rotation = [0.05076459892556111, 2.4479684987125956, 0.31661720002364824]
translation = [-0.39699635033133485, -0.12527328967426363, 0.9092307191894631]
fisheye = false

[int_cam4_img]
name = "int_cam4_img"
size = [3840.0, 2160.0]
matrix = [[1826.0087957430953, 0.0, 1920.0], [0.0, 1826.0087957430953, 1080.0], [0.0, 0.0, 1.0]]
distortions = [0.0, 0.0, 0.0, 0.0]
rotation = [0.0516717182508528, 3.1079624650686517, 0.3674626217782681]
translation = [-0.06078489426844852, -0.13370026317774847, 0.989155921103935]
fisheye = false

[metadata]
adjusted = true
avg_error = 4.878075755177579

[metadata.errors]
cam2 = 4.653762273969255
cam3 = 5.054068304439586
cam4 = 4.926396687123894
