[int_cam1_img]
name = "int_cam1_img"
size = [3840.0, 2160.0]
matrix = [[1824.6097978600892, 0.0, 1920.0], [0.0, 1824.6097978600892, 1080.0], [0.0, 0.0, 1.0]]
distortions = [0.0, 0.0, 0.0, 0.0]
rotation = [0.0, 0.0, 0.0]
translation = [0.0, 0.0, 1.0]
fisheye = false

[int_cam2_img]
name = "int_cam2_img"
size = [3840.0, 2160.0]
matrix = [[1817.139932240032, 0.0, 1920.0], [0.0, 1817.139932240032, 1080.0], [0.0, 0.0, 1.0]]
distortions = [0.0, 0.0, 0.0, 0.0]
rotation = [-0.042325000579967846, -2.4889373299705593, -0.20796027053478666]
translation = [0.3412093038620141, -0.06296454440704459, 0.937876152328021]
fisheye = false

[int_cam3_img]
name = "int_cam3_img"
size = [3840.0, 2160.0]
matrix = [[1855.0516715209449, 0.0, 1920.0], [0.0, 1855.0516715209449, 1080.0], [0.0, 0.0, 1.0]]
distortions = [0.0, 0.0, 0.0, 0.0]
rotation = [0.05076459892556111, 2.4479684987125956, 0.31661720002364824]
translation = [-0.3964506146711011, -0.12497298835891324, 0.9095101221578288]
fisheye = false

[int_cam4_img]
name = "int_cam4_img"
size = [3840.0, 2160.0]
matrix = [[1841.8134141327555, 0.0, 1920.0], [0.0, 1841.8134141327555, 1080.0], [0.0, 0.0, 1.0]]
distortions = [0.0, 0.0, 0.0, 0.0]
rotation = [0.0516717182508528, 3.1079624650686517, 0.3674626217782681]
translation = [-0.0607359104253185, -0.13361258600368653, 0.9891707769875813]
fisheye = false

[metadata]
adjusted = true
avg_error = 4.735891726138306

[metadata.errors]
cam2 = 4.655986036019223
cam3 = 4.753207409402657
cam4 = 4.798481732993036
