[int_cam1_img]
name = "int_cam1_img"
size = [3840.0, 2160.0]
matrix = [[1824.6097978600892, 0.0, 1920.0], [0.0, 1824.6097978600892, 1080.0], [0.0, 0.0, 1.0]]
distortions = [0.0, 0.0, 0.0, 0.0]
rotation = [0.0, 0.0, 0.0]
translation = [0.0, 0.0, 0.0]
fisheye = false

[int_cam2_img]
name = "int_cam2_img"
size = [3840.0, 2160.0]
matrix = [[1826.2696013105972, 0.0, 1920.0], [0.0, 1826.2696013105972, 1080.0], [0.0, 0.0, 1.0]]
distortions = [0.0, 0.0, 0.0, 0.0]
rotation = [0.1298711168640464, 0.3649878550008341, -0.02423304676595817]
translation = [-0.9779726217600592, -0.004396049722913751, 0.20868690863250108]
fisheye = false

[int_cam3_img]
name = "int_cam3_img"
size = [3840.0, 2160.0]
matrix = [[1831.7802626405635, 0.0, 1920.0], [0.0, 1831.7802626405635, 1080.0], [0.0, 0.0, 1.0]]
distortions = [0.0, 0.0, 0.0, 0.0]
rotation = [0.02390588848452053, 2.432956598731238, 0.25624604321823263]
translation = [-0.3027007457165122, -0.1532409630528687, 0.9406856360045566]
fisheye = false

[int_cam4_img]
name = "int_cam4_img"
size = [3840.0, 2160.0]
matrix = [[1819.3119837880154, 0.0, 1920.0], [0.0, 1819.3119837880154, 1080.0], [0.0, 0.0, 1.0]]
distortions = [0.0, 0.0, 0.0, 0.0]
rotation = [0.05014296023630832, 3.119294874460211, 0.32325002271849085]
translation = [-0.0030021599953295583, -0.15074641634624178, 0.988567906111729]
fisheye = false

[metadata]
adjusted = true
avg_error = 3.416467038519039

[metadata.errors]
cam2 = 5.0833798464237825
cam3 = 2.5839889310924486
cam4 = 2.5820323380408863
