[int_cam1_img]
name = "int_cam1_img"
size = [3840.0, 2160.0]
matrix = [[1824.6097978600892, 0.0, 1920.0], [0.0, 1824.6097978600892, 1080.0], [0.0, 0.0, 1.0]]
distortions = [0.0, 0.0, 0.0, 0.0]
rotation = [0.0, 0.0, 0.0]
translation = [0.0, 0.0, 0.0]
fisheye = false

[int_cam2_img]
name = "int_cam2_img"
size = [3840.0, 2160.0]
matrix = [[1893.2612537070397, 0.0, 1920.0], [0.0, 1893.2612537070397, 1080.0], [0.0, 0.0, 1.0]]
distortions = [0.0, 0.0, 0.0, 0.0]
rotation = [0.1171432967569934, 0.42575329468733597, -0.0029974568587099377]
translation = [-0.9471224304281066, -0.04643279712218353, 0.31749503481372165]
fisheye = false

[int_cam3_img]
name = "int_cam3_img"
size = [3840.0, 2160.0]
matrix = [[1886.2531712052514, 0.0, 1920.0], [0.0, 1886.2531712052514, 1080.0], [0.0, 0.0, 1.0]]
distortions = [0.0, 0.0, 0.0, 0.0]
rotation = [0.043603311308709064, 2.438937519738617, 0.247501818025141]
translation = [-0.29767420501130076, -0.14812404818368902, 0.9431062156621418]
fisheye = false

[int_cam4_img]
name = "int_cam4_img"
size = [3840.0, 2160.0]
matrix = [[1825.4440671544203, 0.0, 1920.0], [0.0, 1825.4440671544203, 1080.0], [0.0, 0.0, 1.0]]
distortions = [0.0, 0.0, 0.0, 0.0]
rotation = [0.024791376103654082, 3.1232752555708236, 0.31791200316074486]
translation = [-0.00032365126578602936, -0.14636989685654214, 0.9892298764918412]
fisheye = false

[metadata]
adjusted = true
avg_error = 4.485394991752975

[metadata.errors]
cam2 = 5.881930731980612
cam3 = 4.152579108612362
cam4 = 3.42167513466595
