[int_cam1_img]
name = "int_cam1_img"
size = [3840.0, 2160.0]
matrix = [[1824.6097978600892, 0.0, 1920.0], [0.0, 1824.6097978600892, 1080.0], [0.0, 0.0, 1.0]]
distortions = [0.0, 0.0, 0.0, 0.0]
rotation = [0.0, 0.0, 0.0]
translation = [0.0, 0.0, 1.0]
fisheye = false

[int_cam2_img]
name = "int_cam2_img"
size = [3840.0, 2160.0]
matrix = [[1820.058394729591, 0.0, 1920.0], [0.0, 1820.058394729591, 1080.0], [0.0, 0.0, 1.0]]
distortions = [0.0, 0.0, 0.0, 0.0]
rotation = [-0.02244275204289196, -2.4772701749587984, -0.1836422406013805]
translation = [0.34856483046191505, -0.049545586135134746, 0.9359742485023732]
fisheye = false

[int_cam3_img]
name = "int_cam3_img"
size = [3840.0, 2160.0]
matrix = [[1820.861848689236, 0.0, 1920.0], [0.0, 1820.861848689236, 1080.0], [0.0, 0.0, 1.0]]
distortions = [0.0, 0.0, 0.0, 0.0]
rotation = [0.07466217197665122, 2.447254083549588, 0.31101292851574724]
translation = [-0.4000960031406429, -0.12112206135907479, 0.9084341663120179]
fisheye = false

[int_cam4_img]
name = "int_cam4_img"
size = [3840.0, 2160.0]
matrix = [[1826.427135795323, 0.0, 1920.0], [0.0, 1826.427135795323, 1080.0], [0.0, 0.0, 1.0]]
distortions = [0.0, 0.0, 0.0, 0.0]
rotation = [0.06203833184475821, 3.0913607062321375, 0.378309747490945]
translation = [-0.06849020953753375, -0.13744629236398984, 0.9881384558415371]
fisheye = false

[metadata]
adjusted = true
avg_error = 12.273836264669002

[metadata.errors]
cam2 = 4.5358794589491085
cam3 = 18.145569153023562
cam4 = 14.140060182034341
