[int_cam1_img]
name = "int_cam1_img"
size = [3840.0, 2160.0]
matrix = [[1824.6097978600892, 0.0, 1919.5], [0.0, 1826.6675222017589, 1079.5], [0.0, 0.0, 1.0]]
distortions = [0.0, 0.0, 0.0, 0.0]
rotation = [0.0, 0.0, 0.0]
translation = [0.0, 0.0, 1.0]
fisheye = false

[int_cam2_img]
name = "int_cam2_img"
size = [3840.0, 2160.0]
matrix = [[1823.6810055734093, 0.0, 1918.7178241191793], [0.0, 1825.7498625228775, 1079.7835737693597], [0.0, 0.0, 1.0]]
distortions = [0.0, 0.0, 0.0, 0.0]
rotation = [-0.02245790237130345, -2.4773280882389224, -0.1827598157114559]
translation = [0.3493442971714966, -0.049341427388798396, 0.9356943868470032]
fisheye = false

[int_cam3_img]
name = "int_cam3_img"
size = [3840.0, 2160.0]
matrix = [[1822.9960780926117, 0.0, 1920.0688833071654], [0.0, 1822.4493253715084, 1078.4038361826704], [0.0, 0.0, 1.0]]
distortions = [0.0, 0.0, 0.0, 0.0]
rotation = [0.07476125722649772, 2.44732235312072, 0.30999846600464875]
translation = [-0.4008837588887998, -0.11975248723307982, 0.9082684370056453]
fisheye = false

[int_cam4_img]
name = "int_cam4_img"
size = [3840.0, 2160.0]
matrix = [[1827.4989209414582, 0.0, 1921.0970447058035], [0.0, 1822.9223237122044, 1078.5984150792501], [0.0, 0.0, 1.0]]
distortions = [0.0, 0.0, 0.0, 0.0]
rotation = [0.06214414370032573, 3.091508724634832, 0.37704885025074164]
translation = [-0.06885156353638291, -0.13730911558056758, 0.9881324146980899]
fisheye = false

[metadata]
adjusted = true
avg_error = 4.1465537119153

[metadata.errors]
cam2 = 4.664294110854763
cam3 = 4.1242102292202985
cam4 = 3.6511567956708406
