[int_cam1_img]
name = "int_cam1_img"
size = [1088.0, 1920.0]
matrix = [[1417.131924377308, 0.0, 1250.1563067580566], [0.0, 1615.185547954127, 1330.9334019313737], [0.0, 0.0, 1.0]]
distortions = [0.0, 0.0, 0.0, 0.0]
rotation = [0.0, 0.0, 0.0]
translation = [0.0, 0.0, 1.0]
fisheye = false

[int_cam2_img]
name = "int_cam2_img"
size = [1088.0, 1920.0]
matrix = [[1824.0728531855684, 0.0, 1919.2351786997217], [0.0, 1854.7133163171075, 1085.359198396887], [0.0, 0.0, 1.0]]
distortions = [0.0, 0.0, 0.0, 0.0]
rotation = [0.13763828307021408, 0.43134469316641993, -0.0031186978485471823]
translation = [-0.9515210656225468, -0.02787626552014418, 0.3063177688237877]
fisheye = false

[int_cam3_img]
name = "int_cam3_img"
size = [1088.0, 1920.0]
matrix = [[-2507.396686922524, 0.0, 2145.3221851111684], [0.0, 4269.765075083206, 1292.0914275690488], [0.0, 0.0, 1.0]]
distortions = [0.0, 0.0, 0.0, 0.0]
rotation = [0.13763828307021408, 0.43134469316641993, -0.0031186978485471823]
translation = [-0.1866504218423562, -0.06644434748995325, 0.9801769068452412]
fisheye = false

[int_cam4_img]
name = "int_cam4_img"
size = [1088.0, 1920.0]
matrix = [[-6539.269428346289, 0.0, 1631.7926739716563], [0.0, 6946.127257483178, 1287.3108621237789], [0.0, 0.0, 1.0]]
distortions = [0.0, 0.0, 0.0, 0.0]
rotation = [0.13763828307021408, 0.43134469316641993, -0.0031186978485471823]
translation = [-0.25033744443827244, -0.008670231096444894, 0.9681198226484412]
fisheye = false

[metadata]
adjusted = true
avg_error = 9.084066741504245

[metadata.errors]
cam1 = 0.0
cam2 = 2.3108715110458564
cam3 = 18.49982707023128
cam4 = 6.441501643235595
