[int_cam1_img]
name = "int_cam1_img"
size = [3840.0, 2160.0]
matrix = [[1824.6097978600892, 0.0, 1919.5], [0.0, 1826.6675222017589, 1079.5], [0.0, 0.0, 1.0]]
distortions = [0.0, 0.0, 0.0, 0.0]
rotation = [0.0, 0.0, 0.0]
translation = [0.0, 0.0, 1.0]
fisheye = false

[int_cam2_img]
name = "int_cam2_img"
size = [3840.0, 2160.0]
matrix = [[1824.0502981709342, 0.0, 1919.0612194687574], [0.0, 1826.1020361772444, 1079.6271738441194], [0.0, 0.0, 1.0]]
distortions = [0.0, 0.0, 0.0, 0.0]
rotation = [-0.02245790237130345, -2.4773280882389224, -0.1827598157114559]
translation = [0.3493442971714966, -0.049341427388798396, 0.9356943868470032]
fisheye = false

[int_cam3_img]
name = "int_cam3_img"
size = [3840.0, 2160.0]
matrix = [[1823.9145078393376, 0.0, 1919.7012097357092], [0.0, 1824.8256993684884, 1079.0219698255223], [0.0, 0.0, 1.0]]
distortions = [0.0, 0.0, 0.0, 0.0]
rotation = [0.07476125722649772, 2.44732235312072, 0.30999846600464875]
translation = [-0.4008837588887998, -0.11975248723307982, 0.9082684370056453]
fisheye = false

[int_cam4_img]
name = "int_cam4_img"
size = [3840.0, 2160.0]
matrix = [[1825.5561338669522, 0.0, 1920.1035299616415], [0.0, 1824.9523973478824, 1079.1232392309455], [0.0, 0.0, 1.0]]
distortions = [0.0, 0.0, 0.0, 0.0]
rotation = [0.06214414370032573, 3.091508724634832, 0.37704885025074164]
translation = [-0.06885156353638291, -0.13730911558056758, 0.9881324146980899]
fisheye = false

[metadata]
adjusted = true
avg_error = 4.183406142208291

[metadata.errors]
cam2 = 4.697569198299096
cam3 = 4.157437452750243
cam4 = 3.695211775575533
