[int_cam1_img]
name = "int_cam1_img"
size = [3840.0, 2160.0]
matrix = [[1824.6097978600892, 0.0, 1919.5], [0.0, 1826.6675222017589, 1079.5], [0.0, 0.0, 1.0]]
distortions = [0.0, 0.0, 0.0, 0.0]
rotation = [0.0, 0.0, 0.0]
translation = [0.0, 0.0, 1.0]
fisheye = false

[int_cam2_img]
name = "int_cam2_img"
size = [3840.0, 2160.0]
matrix = [[1822.7570386626048, 0.0, 1918.4431092480138], [0.0, 1825.318685526112, 1079.5567009237768], [0.0, 0.0, 1.0]]
distortions = [0.0, 0.0, 0.0, 0.0]
rotation = [-0.02245790237130345, -2.4773280882389224, -0.1827598157114559]
translation = [0.34860875327348173, -0.04926885767665791, 0.9359724978888782]
fisheye = false

[metadata]
adjusted = true
avg_error = 4.677681881359735

[metadata.errors]
cam2 = 4.677681881359735
