[int_cam1_img]
name = "int_cam1_img"
size = [3840.0, 2160.0]
matrix = [[1824.6097978600892, 0.0, 1920.0], [0.0, 1824.6097978600892, 1080.0], [0.0, 0.0, 1.0]]
distortions = [0.0, 0.0, 0.0, 0.0]
rotation = [0.0, 0.0, 0.0]
translation = [0.0, 0.0, 0.0]
fisheye = false

[int_cam2_img]
name = "int_cam2_img"
size = [3840.0, 2160.0]
matrix = [[1828.6531053799235, 0.0, 1920.0], [0.0, 1828.6531053799235, 1080.0], [0.0, 0.0, 1.0]]
distortions = [0.0, 0.0, 0.0, 0.0]
rotation = [0.1298711168640464, 0.3649878550008341, -0.02423304676595817]
translation = [-0.9767253461503392, -0.010091158284997466, 0.21425631078679377]
fisheye = false

[int_cam3_img]
name = "int_cam3_img"
size = [3840.0, 2160.0]
matrix = [[1835.8518087855412, 0.0, 1920.0], [0.0, 1835.8518087855412, 1080.0], [0.0, 0.0, 1.0]]
distortions = [0.0, 0.0, 0.0, 0.0]
rotation = [0.02390588848452053, 2.432956598731238, 0.25624604321823263]
translation = [0.14683244685852218, 0.06123451566130558, -0.9872641828007661]
fisheye = false

[int_cam4_img]
name = "int_cam4_img"
size = [3840.0, 2160.0]
matrix = [[1836.4494947696999, 0.0, 1920.0], [0.0, 1836.4494947696999, 1080.0], [0.0, 0.0, 1.0]]
distortions = [0.0, 0.0, 0.0, 0.0]
rotation = [0.05014296023630832, 3.119294874460211, 0.32325002271849085]
translation = [0.2468517998943964, 0.028468108718715614, -0.9686349961026993]
fisheye = false

[metadata]
adjusted = true
avg_error = 258.4037646411432

[metadata.errors]
cam2 = 2.486292055713405
cam3 = 371.4876429475046
cam4 = 401.2373589202116
