[int_cam1_img]
name = "int_cam1_img"
size = [3840.0, 2160.0]
matrix = [[1824.6097978600892, 0.0, 1920.0], [0.0, 1824.6097978600892, 1080.0], [0.0, 0.0, 1.0]]
distortions = [0.0, 0.0, 0.0, 0.0]
rotation = [0.0, 0.0, 0.0]
translation = [0.0, 0.0, 1.0]
fisheye = false

[int_cam2_img]
name = "int_cam2_img"
size = [3840.0, 2160.0]
matrix = [[1818.2836255518637, 0.0, 1920.0], [0.0, 1818.2836255518637, 1080.0], [0.0, 0.0, 1.0]]
distortions = [0.0, 0.0, 0.0, 0.0]
rotation = [-0.042325000579967846, -2.4889373299705593, -0.20796027053478666]
translation = [0.34113678525668956, -0.06275081448362528, 0.9379168561372446]
fisheye = false

[int_cam3_img]
name = "int_cam3_img"
size = [3840.0, 2160.0]
matrix = [[1843.3614736377876, 0.0, 1920.0], [0.0, 1843.3614736377876, 1080.0], [0.0, 0.0, 1.0]]
distortions = [0.0, 0.0, 0.0, 0.0]
rotation = [0.05076459892556111, 2.4479684987125956, 0.31661720002364824]
translation = [-0.39670936074930657, -0.12712033648763602, 0.9090996112336351]
fisheye = false

[int_cam4_img]
name = "int_cam4_img"
size = [3840.0, 2160.0]
matrix = [[1905.3464693556818, 0.0, 1920.0], [0.0, 1905.3464693556818, 1080.0], [0.0, 0.0, 1.0]]
distortions = [0.0, 0.0, 0.0, 0.0]
rotation = [0.0516717182508528, 3.1079624650686517, 0.3674626217782681]
translation = [-0.060213989898984126, -0.13232685814748316, 0.9893754990059442]
fisheye = false

[metadata]
adjusted = true
avg_error = 12.531803608361777

[metadata.errors]
cam2 = 4.6202730728016865
cam3 = 18.829366523792753
cam4 = 14.14577122849089
