[int_cam1_img]
name = "int_cam1_img"
size = [3840.0, 2160.0]
matrix = [[1824.6097978600892, 0.0, 1920.0], [0.0, 1824.6097978600892, 1080.0], [0.0, 0.0, 1.0]]
distortions = [0.0, 0.0, 0.0, 0.0]
rotation = [0.0, 0.0, 0.0]
translation = [0.0, 0.0, 1.0]
fisheye = false

[int_cam2_img]
name = "int_cam2_img"
size = [3840.0, 2160.0]
matrix = [[1823.4060631851974, 0.0, 1920.0], [0.0, 1823.4060631851974, 1080.0], [0.0, 0.0, 1.0]]
distortions = [0.0, 0.0, 0.0, 0.0]
rotation = [-0.042325000579967846, -2.4889373299705593, -0.20796027053478666]
translation = [0.3409787261213766, -0.06271599805109203, 0.9379766585161374]
fisheye = false

[int_cam3_img]
name = "int_cam3_img"
size = [3840.0, 2160.0]
matrix = [[1828.6697224930547, 0.0, 1920.0], [0.0, 1828.6697224930547, 1080.0], [0.0, 0.0, 1.0]]
distortions = [0.0, 0.0, 0.0, 0.0]
rotation = [0.05076459892556111, 2.4479684987125956, 0.31661720002364824]
translation = [-0.3982450411326749, -0.12763076643504595, 0.9083563588550677]
fisheye = false

[int_cam4_img]
name = "int_cam4_img"
size = [3840.0, 2160.0]
matrix = [[1897.2093166171942, 0.0, 1920.0], [0.0, 1897.2093166171942, 1080.0], [0.0, 0.0, 1.0]]
distortions = [0.0, 0.0, 0.0, 0.0]
rotation = [0.0516717182508528, 3.1079624650686517, 0.3674626217782681]
translation = [-0.06029965068405885, -0.13266500761032032, 0.989324996087299]
fisheye = false

[metadata]
adjusted = true
avg_error = 12.642393213890685

[metadata.errors]
cam2 = 4.6115456038893745
cam3 = 18.832487455558095
cam4 = 14.483146582224586
