[int_cam1_img]
name = "int_cam1_img"
size = [3840.0, 2160.0]
matrix = [[1824.6097978600892, 0.0, 1920.0], [0.0, 1824.6097978600892, 1080.0], [0.0, 0.0, 1.0]]
distortions = [0.0, 0.0, 0.0, 0.0]
rotation = [0.0, 0.0, 0.0]
translation = [0.0, 0.0, 0.0]
fisheye = false

[int_cam2_img]
name = "int_cam2_img"
size = [3840.0, 2160.0]
matrix = [[1781.3453106520471, 0.0, 1920.0], [0.0, 1781.3453106520471, 1080.0], [0.0, 0.0, 1.0]]
distortions = [0.0, 0.0, 0.0, 0.0]
rotation = [0.16475721226241005, 0.3991297943877954, -0.011771454549679813]
translation = [-0.9731433946585389, 0.0316233751718741, 0.2280173142004661]
fisheye = false

[int_cam3_img]
name = "int_cam3_img"
size = [3840.0, 2160.0]
matrix = [[1777.622711680844, 0.0, 1920.0], [0.0, 1777.622711680844, 1080.0], [0.0, 0.0, 1.0]]
distortions = [0.0, 0.0, 0.0, 0.0]
rotation = [0.04361523555228601, 2.4303020613491797, 0.2852107150279041]
translation = [0.04634969071816453, 0.040861466121852444, -0.9980891977958198]
fisheye = false

[int_cam4_img]
name = "int_cam4_img"
size = [3840.0, 2160.0]
matrix = [[1823.2863613970826, 0.0, 1920.0], [0.0, 1823.2863613970826, 1080.0], [0.0, 0.0, 1.0]]
distortions = [0.0, 0.0, 0.0, 0.0]
rotation = [-0.035223071523166, -3.1192782338697813, -0.3499412487661261]
translation = [0.14560019067874927, -0.03411793586962524, -0.9887550510244224]
fisheye = false

[metadata]
adjusted = true
avg_error = 274.00883765590356

[metadata.errors]
cam2 = 3.628638260145215
cam3 = 382.9643658668749
cam4 = 435.43350884069054
